! INSTRM_0 file created by WinPLOTR:
!   Initial file:   C:\Documents and Settings\faik\Escritorio\Medidas D2B 11-0908\Sr2ScSbD2B\SrScLR_RT\SrScLRRT.xy
!   Initial format: X,Y data + INSTRM=10                                                                                                                                                                                                                                            
! 
! !! Warning: Sigmas will not be rigourously right !!
! 
       0.000000       0.050000     159.900009
       0       0      13      32      41      39      44      51      42      43
      37      40      40      44      49      49      48      49      55      57
      48      48      47      54      51      48      45      48      51      45
      45      51      51      49      51      50      53      47      49      50
      46      44      49      51      53      53      48      53      50      50
      51      58      56      51      50      54      48      53      53      57
      54      53      50      53      58      57      55      48      52      54
      60      56      58      58      56      59      56      53      59      60
      59      58      54      56      55      57      56      55      58      64
      64      60      61      62      62      62      63      62      64      67
      64      66      66      66      72      69      74      73      76      81
      80      81      78      85      88      88      92      94      95     100
     103     107     113     115     120     116     127     132     133     145
     148     160     158     163     170     169     176     184     190     201
     205     218     225     221     226     238     240     246     251     250
     266     264     273     273     281     282     284     293     295     309
     317     312     313     314     311     309     321     329     328     324
     333     338     347     344     357     357     346     355     353     356
     363     362     369     363     360     366     362     360     362     358
     363     360     358     359     361     352     353     361     352     349
     350     340     344     343     347     348     349     345     342     348
     342     342     336     334     331     332     332     336     332     334
     336     326     329     317     311     322     324     321     312     318
     320     319     323     322     317     323     316     324     320     320
     317     314     318     319     313     306     311     315     313     320
     313     301     301     304     305     307     303     289     308     303
     308     305     295     293     296     292     305     302     296     301
     308     304     291     295     297     297     294     284     291     296
     285     288     295     296     287     281     288     286     298     296
     286     282     288     288     293     288     301     293     289     289
     287     290     297     304     302     293     299     289     283     287
     282     286     281     283     281     284     287     284     290     281
     287     280     288     280     268     279     277     282     287     276
     282     278     277     278     273     278     273     271     273     264
     269     275     272     264     263     268     274     271     267     265
     269     268     268     275     269     272     272     277     270     266
     268     264     265     270     266     268     267     268     270     265
     273     274     270     269     283     274     277     278     268     277
     279     281     286     280     291     305     298     294     305     320
     323     347     354     375     388     397     424     424     413     403
     389     377     354     342     322     304     305     285     285     275
     272     266     267     259     260     260     256     264     255     253
     267     264     261     261     266     265     261     263     275     263
     267     264     270     279     272     275     277     284     284     296
     298     311     316     326     339     354     373     396     424     455
     502     559     622     719     819     925    1038    1130    1193    1227
    1195    1144    1061     962     845     736     634     548     479     428
     390     355     323     304     289     271     260     253     248     244
     246     242     245     249     257     253     250     254     246     247
     243     240     246     248     250     249     247     248     256     249
     244     245     243     239     254     242     236     241     249     245
     255     248     249     245     245     250     250     239     243     241
     245     255     236     237     241     247     245     243     240     241
     242     252     240     241     237     232     237     240     230     236
     244     237     233     230     237     238     238     234     236     235
     237     238     235     235     237     239     233     237     236     235
     245     249     244     245     240     246     245     244     243     248
     240     243     240     234     232     231     232     238     233     233
     232     230     236     235     231     237     240     236     236     234
     237     238     238     242     236     237     244     249     242     245
     246     243     238     238     242     240     241     242     240     242
     234     242     247     240     242     242     237     240     234     241
     241     234     241     259     251     250     259     262     262     263
     266     265     277     276     278     278     283     289     305     324
     345     388     428     506     588     713     870    1055    1312    1603
    1878    2159    2379    2467    2471    2365    2149    1842    1552    1250
    1001     781     637     518     425     366     317     286     273     256
     240     237     242     230     232     228     234     242     228     232
     239     233     232     236     237     238     241     238     233     226
     233     230     232     239     233     227     225     232     228     230
     226     217     235     238     229     228     225     228     230     227
     234     232     234     230     233     231     232     233     232     234
     239     231     234     235     241     254     262     267     287     307
     302     312     323     309     306     300     289     272     268     258
     248     241     232     236     239     240     238     244     248     238
     243     243     251     246     250     253     257     275     296     318
     325     370     427     505     616     720     867     990    1116    1210
    1252    1206    1130    1020     881     741     621     522     439     383
     341     327     310     298     278     272     282     282     274     274
     279     292     295     314     352     405     478     563     715     908
    1155    1457    1797    2099    2360    2492    2536    2377    2127    1796
    1497    1206     922     719     563     448     376     322     291     271
     250     242     232     234     238     230     227     233     239     244
     237     240     241     244     241     241     245     251     245     242
     248     255     249     252     246     241     236     233     240     241
     239     244     249     253     239     232     242     240     243     240
     231     248     240     242     252     264     271     281     302     317
     335     356     371     381     376     355     328     325     302     280
     261     251     250     250     243     242     241     248     246     247
     241     239     244     252     253     254     251     247     243     251
     250     243     244     238     245     251     258     265     273     288
     295     298     312     325     323     328     326     334     326     329
     332     342     343     375     411     480     583     758    1034    1424
    1964    2722    3654    4634    5606    6436    6998    7016    6631    5860
    4882    3913    2978    2199    1601    1158     834     627     489     399
     344     297     274     261     259     247     237     245     251     243
     241     250     251     253     254     262     269     273     269     267
     260     253     244     252     245     241     244     244     239     241
     233     238     232     227     225     231     231     233     231     226
     226     228     229     232     238     235     233     232     232     234
     241     231     229     229     239     239     245     238     241     239
     233     242     236     241     252     258     265     301     340     390
     456     562     675     778     875     966    1012     987     915     802
     694     601     491     406     358     316     293     278     264     253
     240     240     249     259     263     278     311     364     443     546
     694     866    1060    1238    1369    1463    1454    1349    1185     990
     803     628     497     404     343     299     266     247     235     231
     225     222     228     226     225     226     232     224     241     243
     249     255     268     276     271     266     258     267     272     278
     283     296     304     300     294     285     264     257     254     236
     227     221     221     221     224     216     221     218     213     216
     216     221     223     218     222     215     217     218     221     221
     221     213     214     219     225     224     216     222     218     221
     224     225     223     224     227     220     231     226     227     242
     241     247     250     254     252     250     259     253     259     255
     256     267     275     282     317     370     447     598     797    1093
    1475    1945    2390    2800    3100    3165    3046    2721    2296    1841
    1431    1062     772     597     463     378     322     298     267     248
     243     235     235     232     226     225     224     227     225     227
     236     231     226     235     234     231     235     240     228     232
     228     236     244     238     230     226     228     238     232     231
     238     260     261     269     289     298     313     325     317     316
     300     290     273     259     252     251     242     245     238     239
     231     228     245     245     250     263     294     328     368     428
     503     569     620     645     655     619     560     497     424     364
     328     288     265     257     251     240     243     236     237     234
     224     227     231     238     245     242     253     240     247     251
     241     239     249     249     236     235     233     234     234     236
     240     241     239     236     243     237     231     234     240     247
     252     256     248     251     256     255     258     260     271     270
     280     279     261     270     266     256     252     253     246     250
     241     237     253     259     263     270     285     295     294     307
     298     284     276     272     269     257     255     243     258     258
     256     255     261     269     270     274     268     273     280     274
     283     284     297     302     305     307     317     320     329     342
     342     352     353     348     354     369     399     464     576     783
    1102    1597    2290    3201    4334    5494    6526    7305    7565    7158
    6233    5041    3828    2786    1949    1415    1015     761     607     504
     425     377     330     313     299     274     266     262     263     262
     268     272     272     279     271     271     269     265     271     262
     251     254     258     255     248     246     253     263     272     281
     304     322     338     362     373     373     366     357     343     330
     316     303     291     281     273     269     265     273     279     293
     310     347     410     510     649     834    1052    1266    1474    1635
    1694    1625    1429    1209     969     765     601     482     417     360
     325     312     299     295     310     348     408     486     585     725
     853     976    1073    1127    1093    1038     917     763     628     511
     424     366     315     285     276     261     247     249     252     248
     252     252     250     240     245     252     250     250     243     236
     238     250     246     250     254     248     248     250     251     256
     254     255     272     279     301     335     370     404     428     432
     427     417     390     370     339     321     294     274     257     250
     254     252     249     250     244     242     247     243     245     242
     245     239     240     242     257     255     252     262     258     247
     256     249     254     261     264     267     277     298     324     383
     471     609     796    1025    1274    1494    1637    1679    1611    1464
    1242    1002     794     631     508     429     365     327     307     288
     273     264     263     266     260     260     261     272     271     273
     278     283     281     269     265     273     267     262     258     254
     259     264     250     247     256     248     252     258     268     270
     279     301     314     320     310     302     294     295     294     283
     286     285     278     279     275     286     297     318     353     415
     505     620     772     913    1041    1087    1059     974     871     727
     594     490     416     368     333     310     303     302     307     321
     353     412     518     645     854    1041    1233    1391    1516    1526
    1435    1262    1056     850     673     534     441     379     342     307
     295     279     273     270     272     282     296     313     333     358
     376     381     376     361     347     324     297     282     274     272
     267     257     257     249     254     250     254     256     249     254
     260     248     256     265     264     278     276     282     273     267
     272     263     259     259     261     260     262     264     266     268
     261     259     263     266     265     267     275     270     280     277
     283     283     286     285     295     290     300     315     344     368
     433     556     747    1019    1367    1817    2241    2668    2969    3187
    3200    2969    2565    2062    1569    1144     850     650     528     431
     383     349     330     318     295     297     305     305     308     324
     326     327     336     319     316     307     289     289     283     281
     269     272     269     272     263     271     284     294     323     359
     398     426     458     465     455     444     418     393     352     322
     313     300     291     295     299     288     312     314     349     405
     453     557     670     775     891     974    1006    1028    1020     966
     884     751     643     519     449     376     335     318     304     301
     277     283     280     297     304     338     380     419     461     503
     504     494     456     413     372     334     306     296     283     269
     267     263     265     262     261     267     273     276     283     292
     296     306     302     309     314     302     290     282     282     270
     268     262     259     266     268     269     272     287     306     320
     358     390     415     431     426     395     358     346     312     287
     286     275     267     264     257     264     263     264     262     266
     257     266     265     258     263     269     268     262     271     282
     278     287     292     297     300     308     320     353     396     461
     569     729     976    1306    1664    2004    2307    2553    2790    2990
    3094    3002    2702    2191    1689    1277     949     722     575     487
     402     372     343     328     312     303     300     291     294     291
     298     302     309     323     341     333     331     315     309     297
     289     285     267     273     263     263     265     265     267     272
     272     271     279     281     274     274     275     280     279     273
     279     278     277     281     296     302     321     350     397     467
     581     725     891    1035    1167    1243    1315    1374    1399    1409
    1344    1200    1015     836     669     531     451     397     352     315
     298     300     292     278     279     281     274     281     279     277
     265     268     268     263     266     265     275     273     268     269
     268     269     268     265     282     286     287     302     316     307
     302     305     312     315     323     322     322     316     305     286
     282     283     272     261     264     261     269     265     268     270
     275     281     291     290     291     294     301     297     299     298
     286     281     275     266     267     272     268     270     278     270
     271     274     281     287     273     276     290     284     272     268
     271     269     270     269     275     273     282     283     294     289
     304     306     317     349     400     478     599     775    1027    1321
    1610    1806    1804    1662    1498    1370    1294    1200    1077     928
     758     608     517     452     376     355     334     317     308     308
     305     302     306     302     311     323     322     320     317     319
     314     307     308     297     297     296     292     291     280     283
     286     291     283     294     296     299     316     328     357     360
     374     353     353     332     301     298     295     289     287     291
     285     283     283     294     303     318     333     356     385     408
     431     472     498     536     571     589     585     550     480     450
     405     370     332     323     315     305     314     316     331     348
     383     438     500     596     717     849     957    1048    1069    1079
    1068     994     894     772     652     551     458     396     358     331
     321     313     302     305     314     317     331     328     329     334
     345     353     363     359     355     353     332     334     333     322
     317     320     307     297     293     293     288     290     289     290
     289     298     302     311     312     321     331     333     335     331
     323     328     320     313     306     300     298     299     297     294
     293     291     302     292     291     298     295     294     297     305
     298     301     292     300     296     297     308     305     308     314
     332     339     361     390     449     519     651     829    1075    1376
    1739    2052    2314    2484    2660    2859    2971    3030    2964    2777
    2489    2123    1699    1313    1043     812     653     538     460     410
     376     350     343     342     331     313     307     305     311     299
     301     302     299     298     299     297     296     305     299     303
     306     301     304     321     321     337     346     365     380     387
     372     359     356     352     357     364     368     384     388     376
     363     341     327     325     319     306     303     316     335     363
     393     439     492     555     604     657     746     838     982    1162
    1358    1513    1635    1673    1616    1495    1268    1044     852     693
     574     482     414     376     351     335     337     335     340     347
     349     361     382     400     438     480     533     595     654     705
     711     673     600     514     459     410     377     341     315     305
     305     305     302     301     307     315     322     339     341     344
     343     340     345     343     329     323     324     316     313     309
     305     306     303     305     303     308     317     321     334     356
     386     417     425     422     433     409     386     388     382     394
     417     444     463     461     426     395     369     348     332     316
     305     297     289     292     290     296     304     298     296     298
     297     292     287     287     286     290     285     284     291     287
     284     287     284     292     300     312     329     347     372     419
     477     575     708     875    1101    1353    1566    1762    1993    2247
    2583    2997    3417    3837    4164    4355    4350    4188    3805    3325
    2771    2247    1762    1368    1062     843     674     544     465     421
     395     368     354     348     348     338     333     323     332     330
     336     345     351     358     370     364     363     353     332     321
     312     308     295     287     287     280     295     286     280     281
     285     284     293     301     308     311     315     327     322     312
     301     302     295     288     278     275     276     276     271     283
     284     284     287     294     315     336     366     404     462     535
     635     747     856     947    1013    1033    1049    1037    1041    1056
    1081    1126    1170    1157    1119    1051     938     842     732     624
     550     498     456     434     435     458     498     570     633     699
     758     815     816     793     781     769     772     799     830     868
     877     881     869     829     759     675     609     549     488     428
     375     350     324     294     289     284     277     278     275     272
     268     273     279     274     280     282     287     297     306     305
     307     317     309     313     306     304     281     276     279     275
     267     259     255     266     259     253     257     273     262     261
     268     282     290     299     314     327     347     354     355     345
     345     351     339     328     317     303     295     291     285     279
     278     270     266     264     267     270     262     264     265     276
     275     278     267     265     268     270     272     271     267     267
     275     274     273     269     275     270     278     279     269     274
     272     274     279     283     290     293     308     327     334     351
     385     437     478     542     611     679     760     843     923     996
    1062    1099    1137    1175    1197    1210    1223    1196    1179    1126
    1043     973     879     770     664     566     495     448     409     375
     349     344     325     312     309     302     302     309     311     308
     321     321     337     341     361     376     393     403     412     420
     428     429     423     423     418     391     376     368     363     343
     332     329     323     318     317     326     332     338     353     376
     392     411     421     431     439     455     441     443     447     449
     455     458     447     457     454     448     450     436     428     407
     406     380     363     351     337     330     313     320     314     318
     327     336     343     356     376     399     427     456     482     513
     560     596     629     663     696     707     701     718     711     713
     744     746     766     801     794     796     790     769     763     736
     690     631     572     520     481     441     408     385     357     342
     331     320     315     311     312     308     304     309     306     303
     299     305     300     300     298     303     298     298     289     298
     293     301     305     305     294     301     296     288     293     297
     288     300     299     301     299     303     302     299     299     312
     308     320     320     334     324     332     341     350     358     362
     369     377     390     392     376     384     382     381     379     369
     370     354     348     341     347     329     331     326     320     314
     313     304     310     303     305     306     316     316     309     316
     334     337     334     350     358     365     368     374     383     378
     389     390     397     384     382     376     373     374     366     365
     346     348     340     340     335     327     319     308     310     304
     305     296     292     293     295     291     292     291     281     293
     283     272     276     283     272     273     281     283     281     284
     278     283     283     284     282     289     289     283     280     287
     284     284     278     283     286     289     291     288     290     291
     296     300     300     298     301     302     318     324     330     337
     348     380     401     413     451     495     539     599     668     731
     835     901     960    1028    1137    1203    1263    1323    1388    1412
    1455    1542    1616    1697    1789    1861    1954    2081    2201    2277
    2377    2451    2554    2567    2607    2637    2617    2561    2486    2404
    2332    2209    2057    1914    1786    1613    1426    1282    1159    1038
     925     821     725     667     587     539     501     473     439     405
     377     371     371     367     352     322     321     329     310     306
     299     303     290     296     292     298     298     284     290     297
     295     297     288     284     296     307     300     313     313     302
     308     315     294     316     311     294     302     308     296     292
     296     284     283     293     296     286     274     282     284     292
     267     277     294     272     278     280     271     280     278     271
     266     279     274     276     284     284     302     309     289     287
     291     280     289     293     291     311     323     303     299     295
     301     291     292     285     295     282     279     281     271     272
     304     307     308     283     289     261     307     294     275     299
     303     290     258     257     279     281     303     236     212
